252.719492448 222.368393274 80491.2577736	10.4221 13180232 55454 2900
216.821466908 295.078108193 125356.743034	9.35552 9841408 38261 1970
107.480573244 184.174832033 47316.4200918	8.63881 8576442 34466 1841
47.9830776691 250.446039957 89585.5706942	6.77028 6029948 21123 1286
283.747406184 186.235620992 42097.2518547	9.98956 7054381 26433 1439
798.318342047 178.732895931 39667.9707053	12.7638 7403975 30787 2127
555.686959595 246.222796462 67744.0459905	9.21186 7101793 27409 1493
134.547984575 182.505803657 42993.8314689	8.33651 5233788 18912 1199
473.712461062 229.76098119 63406.3258263	9.63375 5918766 23812 1143
75.1866850067 162.83968785 41694.9187144	8.38064 5431349 20351 1186
249.783101016 152.106521762 32641.687145	11.0564 6511293 30649 1652
371.130375155 133.59756129 24583.3722548	12.2086 6986650 30346 1552
192.120955199 271.344601072 91037.9769032	8.30116 3133902 10387 722
459.603894667 203.537510717 53163.7287993	11.7032 4422091 21290 1166
568.637836912 218.113499252 57092.9773004	10.3755 4620788 19531 960
211.106408818 186.091056278 46192.1386936	9.40051 5442211 29458 1267
533.892460423 100.172635283 12691.8442852	11.8085 6738962 35095 1583
41.6748753962 175.305746986 51941.3181452	7.03374 2576595 9019 582
1098.71223742 87.0131512165 10141.9210256	13.4058 6244681 34642 1747
63.9792759743 126.84577545 33108.1199222	9.03491 3101530 15750 764
512.605636146 282.644059836 90751.6179156	10.302 1619866 6821 513
323.976660996 152.224325942 29430.7775153	11.2374 2836412 15814 790
172.353842392 260.453328233 108189.50801	6.8997 18040066 54714 3610
65.8984093875 163.466308652 44925.0666272	6.05792 13807975 35082 2755
40.9853810872 133.748531759 29246.8775789	5.87928 11130017 31859 2355
34.3949246883 199.243928986 56608.2661277	5.04895 7641770 17300 1526
161.516625963 213.20771635 57562.3936269	6.81758 9007082 24976 1707
392.635139133 204.99500677 58734.4688418	8.21205 9784687 29851 2281
592.774794074 265.555191744 76757.6380497	6.76837 9499895 26508 1975
63.5929494005 175.479973737 41404.0595162	5.60181 6578982 16663 1258
192.311256953 224.551801628 63618.6437026	6.24489 8093831 22442 1720
25.9875648848 162.247687599 52850.4507995	5.28416 7574479 19782 1525
143.378702988 105.368821311 15091.981268	7.87077 9004839 30371 2262
322.470677756 175.80650163 42783.3550534	8.04457 9948586 30933 2004
69.1081475052 223.570175717 65560.3368702	5.58598 4016415 9765 960
374.388348736 208.712318318 54117.4343948	8.21782 6052037 22552 1308
219.686565034 197.925812384 50445.0560764	6.37004 6551102 19471 1415
119.439481173 148.604371149 33401.6665176	6.60351 8474130 32921 1945
408.865006893 110.963375946 15504.6756102	8.02713 10204064 37633 2304
20.6400326048 178.359611712 52788.450852	4.42519 3181458 6497 638
539.078927934 81.257806459 9118.40992761	8.35926 9702168 37370 2628
44.9858213528 91.3094244587 15878.0497682	6.13746 4741263 16173 1019
358.640419513 331.519398018 121920.359855	7.07427 2080003 7117 771
987.559342265 205.426078923 47501.7185428	8.16414 4819943 18665 1189
167.838082119 281.41353324 128717.73422	6.67846 18406638 53927 3720
63.4262342015 158.566513847 40868.4769509	5.86482 13946497 34288 2700
47.6721756159 154.176309228 35151.9549029	5.72594 11509949 32167 2326
27.4064991914 198.027196259 60354.1413114	4.8734 7792598 17027 1537
127.789939569 177.317561173 39777.0886727	6.55457 9183613 23852 1778
386.713434115 237.150070538 73423.7474236	7.51815 10153541 28093 2511
437.671824169 263.842466636 78808.0484761	6.30901 9832571 26178 1910
68.0211043435 168.023607479 36889.9310218	5.51917 6841315 16317 1469
223.549951993 227.614669964 64363.7847566	6.06599 8303123 22576 1647
29.8612162118 205.03482371 76840.1253956	5.238 7661398 19152 1463
184.168763819 110.902925755 16812.8093336	7.98458 10147786 33619 2498
292.701760828 151.529776328 31894.486542	7.9512 10171392 30430 2168
67.6120930968 216.988381198 62146.3188171	5.49964 4189223 9781 901
487.894037797 232.952421661 65147.6292796	8.36875 6051267 21403 1356
171.091971552 167.922727491 35123.834637	6.07376 6668574 18857 1332
112.74344824 169.911773333 43973.742376	6.30345 8354376 31831 2025
323.085784433 97.4730677256 12025.2805371	7.73761 10234289 36989 2376
21.27795075 179.583954112 51223.3990799	4.27357 3427883 6772 656
500.692383137 79.2110007405 8480.37829425	7.72259 10008801 35386 2566
38.6140010867 92.3045500785 17410.1671678	5.97421 4596474 15734 1022
371.794582195 326.484633075 117678.022927	6.96087 2124051 6894 719
629.820159939 156.31621845 30197.0950511	8.02221 4629383 17514 1110
164.868789399 270.061465395 113482.885155	7.11972 16541232 53582 3484
250.246098585 370.497375603 165892.476318	6.64966 12578408 35523 2667
41.2572956584 149.904000181 34068.1345679	6.04933 10276629 31241 2265
25.5384176219 194.686108867 55522.0285989	5.10487 6726592 16161 1465
133.815723465 207.506929416 55076.3133538	6.96911 8186929 24145 1763
379.032644898 214.590739553 63364.4659082	8.58647 8958940 29502 1845
480.928998086 270.997541833 81236.6781055	6.89336 8729885 25899 1813
52.9990134872 158.106300548 32021.6587694	5.72677 6111313 16630 1350
180.119276016 231.826296481 66483.9480277	6.42277 7178932 21967 1481
24.9892028846 182.355216814 63242.2226077	5.49449 6754877 18746 1340
107.642536236 102.624786903 14627.6970509	7.91471 8054640 29318 1909
189.420447262 132.056256236 25000.2576809	8.20091 8996303 30663 2011
59.2046843132 201.603813889 52974.6680666	5.82685 3595670 9130 882
582.693243844 244.568792273 67983.2458935	8.78189 5528944 21473 1405
172.682082473 185.515659359 43399.6230349	6.45811 5905081 18373 1210
109.526782344 149.516281202 34734.241427	6.87906 7549945 31604 1871
293.149508323 99.7469225567 12612.2121405	8.26118 9072934 36568 2308
17.8925867034 172.318391373 49634.1716625	4.63196 2976278 6843 644
419.401143418 79.8378405656 8865.18367056	8.45103 8752701 36095 2415
34.1552409343 85.189294492 14442.7238332	6.35133 4117875 15718 932
385.447270031 331.244675955 118879.928445	7.09458 1951900 6666 586
122.190586261 129.452298062 23392.3626642	7.21234 4063556 17659 954
170.248107831 278.974256485 124254.91036	6.96311 16197025 49050 3147
134.38491845 275.677282822 107941.682948	6.40013 12369045 33668 2405
43.1284313226 147.87429509 32096.8039326	5.96479 9739892 28605 1968
23.9827311024 198.139345046 62052.9615775	4.96789 6670927 14699 1197
145.79596935 200.467570557 50893.1657063	7.02514 8009708 22868 1582
371.031489426 212.67092622 62090.1001465	8.32081 8608719 26193 2331
511.747181167 268.207981477 79380.7144585	6.76551 8558020 23932 1606
60.4759921685 166.981265484 35890.5228714	5.72961 5910602 14946 1178
186.347251163 223.970392897 61552.926565	6.34171 7222800 20739 1470
25.4194819328 178.510381476 61944.5264531	5.38302 6813826 18429 1238
136.534599371 111.410011395 16271.8979708	7.74418 8130327 27149 1832
275.289658664 156.361166872 33999.3309992	8.24083 8839766 27649 1722
58.4635449702 182.245520226 42857.1977802	5.85598 3533876 8852 727
134.111973172 181.935223088 48687.6070358	7.36407 5281044 18871 1118
146.563405776 164.072754729 33687.7431122	6.24291 5815662 17366 1172
122.776651606 160.856578674 38250.0713969	6.6343 7621400 30130 1723
355.551640559 103.997208024 13397.8153391	8.034 9182866 33731 2059
19.6382775872 184.325485779 53332.9620714	4.54054 2773141 5946 541
447.403490553 76.7281069844 7990.39605493	8.08434 9068435 33870 2214
36.8593363043 95.449319305 18963.6782612	6.21887 4074524 14644 902
356.499485502 334.241901599 122897.066976	7.20292 1881220 6437 588
144.495351336 145.370395768 27953.9043909	6.88887 4113361 15342 989
204.069217892 241.267868399 97616.7245839	8.55925 15397335 55997 3216
258.188702248 304.791823724 129420.298259	8.23963 12236895 38665 2372
62.984515976 134.845842873 28041.8004101	7.29808 9793709 33405 1843
52.02434812 226.82417235 80272.7468919	6.17839 7028591 18377 1286
205.105098921 183.856616929 43974.8260171	8.60925 8075017 25829 1483
485.586440279 199.752793131 54710.4551668	9.76549 8854459 29862 2193
609.248751441 250.228356178 70013.6878579	8.07904 8382050 27769 1731
83.3883403997 152.11210239 30638.9523433	6.97572 5962655 18075 1135
328.605382273 240.881049174 71891.8681445	7.67745 7271957 24508 1356
41.1534142368 186.068694997 66755.1340191	6.67179 6568921 20699 1321
187.486626771 105.454980969 14968.1690345	9.52968 7834149 30368 1666
411.82638356 151.944842778 32764.8296506	10.1997 8634047 31293 1769
106.46357334 221.796662178 64602.3211942	7.04251 3627351 10470 795
1006.75958185 205.432597421 45779.4504409	10.8486 5249859 21493 1091
272.872407895 186.656104042 44413.3995232	7.87157 5542968 19206 1109
149.984499558 150.778327306 34037.6056695	7.96752 6727958 31223 1511
483.518931356 105.59746937 14055.7220252	9.84413 8446068 36192 1915
33.1356016411 154.47859532 40005.8990637	5.56343 3049437 8007 618
537.947863052 72.3479699501 7174.66408485	9.75175 7973853 35698 1987
47.7644324079 70.6020013644 10830.4774904	7.55631 3847169 15768 818
456.56234344 310.741678014 105971.698242	8.27744 1907933 7169 595
187.515881061 135.098249794 24734.2306974	8.55103 3674504 16453 822
326.216256127 217.076263501 68479.8099903	8.45385 19032602 62916 4269
155.3354224 165.302034794 41606.0362458	7.48387 14945438 42762 3048
92.7814733347 151.897256833 34889.584098	7.26619 11730724 37579 2500
48.2764654938 208.956950484 72581.8465583	6.05361 7811544 20203 1730
269.278475031 176.154465738 39081.3606962	8.45763 9611703 28776 1913
642.068655546 186.528931663 46320.5563671	9.90989 10196886 33831 2794
674.41094718 240.804432795 64935.9687258	7.81642 10151122 31764 2121
138.023492744 172.973440642 38710.701061	6.97737 7029209 20042 1664
422.721991292 221.125645374 60320.5983481	7.82957 8474013 26645 1793
63.2415721253 224.518071663 89425.9180334	6.58062 8026097 23809 1651
285.628362813 112.045683857 16420.1635291	9.49444 9539896 34204 2393
587.788083198 148.594601384 30638.269138	10.1113 10385867 34325 2242
143.57171363 198.469963584 50975.2177996	7.23085 4262998 11902 1063
375.671204199 195.257635142 52909.5863724	9.28834 6431386 25001 1477
353.315094984 171.375205682 36755.6399922	7.75656 6865077 21944 1474
235.886414978 164.052442172 39755.5001152	8.04773 8556015 36795 2229
745.329990483 104.525705025 13459.1762214	9.86656 10528424 41414 2353
43.6172178291 197.671986297 62980.2333189	5.50098 3387535 8531 768
907.656659158 78.0544783703 8255.48980162	9.8443 10093800 41237 2877
67.8102087314 92.5799258202 18788.8517477	7.40392 4760139 18213 1062
474.078778728 300.443757409 100283.629658	8.14506 2300024 8302 755
713.368319834 134.448714866 22786.3309271	9.54713 4837134 20312 1133
124.541947646 301.322121476 151153.475044	5.88892 17831625 47161 3607
46.0816941963 186.685539764 55631.9164442	5.10629 13729171 30126 2547
33.3114858123 150.217882088 34992.4914691	5.09406 11218394 27412 2248
36.2664507614 252.833946182 86070.9369682	4.51119 7501257 14874 1395
144.39899072 235.578052616 70787.6309838	6.01708 8895918 21855 1692
350.055312246 239.72902606 75845.9111236	6.99204 9910166 26325 2432
285.489946163 262.570543859 79036.0956533	5.47393 9548771 22336 1744
47.3238065538 171.705735994 38023.1015481	4.75608 6794205 14137 1354
180.902069789 247.441955974 75217.9910104	5.29148 7966482 18549 1480
25.649109582 260.517829958 109554.458518	4.57599 7384276 16364 1335
91.9218080607 109.531397306 17059.4177871	6.47069 9026516 26430 2050
183.270576421 146.443370789 29787.9079356	6.72638 10064687 26664 2029
54.5574125461 255.630107716 84950.3571617	4.86318 4128980 8479 958
697.22665197 245.638463715 65069.5350525	7.52812 5968826 18742 1307
143.016768006 201.812965265 52286.7109818	5.34902 6466332 16027 1306
70.8221529976 158.2972052 36540.0617027	5.39425 8400338 27457 1894
217.686622648 100.389823902 12618.0256606	6.3856 10277521 31426 2264
17.1930147785 196.869893811 60956.2213874	3.92979 3238610 5637 597
311.292453003 79.7363587758 8522.41823417	6.51145 9783652 31084 2518
28.8821161874 101.761218696 20405.8376651	5.15286 4642705 13420 1022
188.544321061 431.409579688 220678.606461	5.59782 1988185 5583 534
1141.86465373 182.043495253 36755.979595	7.56226 4676030 16237 1131
298.089532124 178.391486191 48277.3146545	10.8058 14716983 61911 3654
141.773157468 147.72396197 34121.8512324	9.36478 11617935 41873 2854
100.253769296 147.527959514 32136.3143005	9.20446 9175724 37605 2032
60.1950446498 214.983501994 70880.2969915	7.57477 6137601 20484 1585
217.339391937 155.446198098 31455.0491238	10.3824 7580958 28429 1793
669.331174556 202.305999399 52577.8456536	12.105 8033683 32716 2644
697.162612703 235.404118569 62138.9342032	9.73471 7883662 31021 1876
107.721970707 156.215184353 32539.5100508	8.44408 5495359 19411 1330
398.788444092 220.308888483 60705.5424412	9.85626 6383964 26064 1387
84.0564827674 199.083359857 67207.7554147	8.63366 6207172 23747 1472
309.525836701 110.535045124 15899.5085643	12.2172 7257982 34119 1903
600.388201851 150.908748966 32073.7097362	12.7246 8169497 34583 1936
174.14500738 195.694145502 49610.5497026	9.42251 3244377 12077 843
656.529960629 188.126374076 43207.750839	13.0376 4857238 23744 1186
442.402169361 173.647738817 38496.1167786	10.3414 5255890 22570 1168
185.808940992 142.917672637 31109.5851261	10.0605 6202452 34378 1691
658.363801127 99.0767909315 12531.3891582	12.5943 7817003 41091 2043
52.5940927675 173.754000344 48148.9967507	7.35499 2607729 8718 722
777.517523883 73.5571499743 7659.86285792	12.3961 7281036 38074 2190
81.2809852243 92.5191216205 17273.0180192	9.62779 3540857 17173 836
56.4723807396 78.5269724494 10658.3246302	8.67275 1868457 8176 708
661.315295484 134.260233328 22544.8801894	12.1644 3519083 19233 935
161.400788512 137.945599424 31683.186123	9.77738 14805087 60236 3675
244.087421097 293.794201484 117393.629932	8.85293 11167400 40198 2593
81.880765096 161.522239224 38905.6697529	8.46705 8877984 35188 2217
57.7019467999 281.941960356 108534.236096	6.76859 6055301 19475 1463
308.087631432 217.39657144 58917.6918643	9.94439 7310388 27649 1736
780.31559705 178.870628661 40909.9553206	12.8838 7916039 32890 2256
611.60592333 248.652608244 68474.7178734	9.02036 7934082 29422 1943
127.284741282 192.771930283 49848.4216163	7.86181 5364205 17981 1361
468.122362463 229.910228536 62162.7622001	9.44027 6361084 25100 1461
87.6481641344 225.5337055 74969.917211	7.7926 6066380 21920 1455
281.510930897 117.244470332 19893.6851701	11.5303 7426997 33222 2039
336.603138932 130.30734886 23600.9169982	11.2029 8102597 32662 1910
191.130643359 211.727594999 56053.9227272	8.54386 3180201 10255 814
329.952403363 189.306189009 42934.2545236	10.5594 4790495 22272 1223
427.014975195 179.172772097 40972.7254187	9.81661 5194577 21538 1206
238.121683963 166.971524501 40568.7429765	9.39384 6660310 34141 1849
539.848907173 104.353834089 14148.2497209	11.4945 7956131 40533 2014
36.5026925959 173.437335327 46224.8228247	6.57698 2644201 8751 739
1038.91228774 93.0692791835 12011.3345823	11.8648 7798157 39825 2418
72.6582260656 119.038584019 28107.5189605	8.98552 3532817 16831 951
107.656795072 108.864315058 17359.0765441	9.18084 1968518 8828 770
359.339660478 164.213965591 33976.6245359	10.2156 3568734 19032 940
383.374762019 192.529235867 50494.4003912	10.9938 14933669 64273 3836
346.086174141 258.150594505 87256.3551781	9.8861 11547521 44444 2987
167.278723351 183.765987776 46539.6867251	9.89673 9082807 38442 2249
103.280977576 283.744514025 108995.867762	7.7902 6064794 21247 1764
497.660933117 203.406783123 50114.6567753	11.6051 7393982 29529 1779
875.866533334 177.088172245 39577.991485	13.6752 7872842 34604 2794
669.719990839 229.904894152 59781.3882413	10.1873 7858511 33434 1979
199.03067389 177.133501224 38948.8939388	9.32179 5417551 21328 1490
692.527146922 219.013538482 54608.0394719	10.651 6619881 27992 1654
105.561561456 289.791739288 125834.423148	8.65905 6093279 24699 1491
421.106466955 140.385617403 26367.9281768	12.7009 7265927 34901 2161
653.928846948 148.637554679 29428.0336158	13.3577 7953834 35560 1984
320.746891076 269.008938357 89323.8667575	10.0671 3192870 11841 878
570.955952416 202.681361895 53069.5864339	12.7466 4953831 24901 1350
613.592120779 175.546086446 37122.6776332	10.9991 5270546 23227 1348
393.571449515 183.988776048 44583.2923812	10.7728 6754894 38948 1821
950.919774203 111.975426031 15587.3938581	13.0635 8135475 44796 2406
63.3604064252 222.998686289 73767.7466192	7.7386 2454753 8786 663
1841.21512335 93.1816285171 11523.9385988	13.8926 8018641 43773 2461
96.3291868595 125.537876405 30854.3921654	9.7607 3720734 18880 978
87.0972613297 244.420432267 107679.450783	8.68092 1827453 8377 669
687.311323932 171.468275954 35649.266116	11.7694 3760284 21499 1169
331.165745721 168.813548598 42259.2638128	10.0662 18307630 73202 5637
248.034170392 242.141017407 83633.1413883	8.5328 14060012 47264 3774
173.71947217 190.41122908 48792.8408838	8.59454 11282688 42902 3423
80.6657770733 282.214133063 109366.523529	6.57559 7921157 24281 2275
438.994028141 189.656459571 43991.925404	9.84541 9424672 32678 2670
980.740378525 164.554379646 34057.0457568	12.0239 10160222 40118 3584
436.020953508 227.348182717 62869.3149436	8.49256 10007504 36983 2931
194.354464355 185.453144318 44887.5703974	8.06306 7077560 24402 2136
708.470138756 215.481550466 52870.2587446	9.4538 8090751 31522 2327
106.582067161 208.346865836 64040.4338373	7.5598 7789707 26504 2117
488.991499429 135.679958844 24153.0512934	11.3959 9125585 37823 2773
590.92998851 144.364045895 28658.3388329	11.4953 9888171 39329 2890
342.70012939 297.553365833 104172.482347	8.31207 4184526 12705 1128
332.690339542 220.285991059 65655.3516907	10.1524 6108071 28158 1965
725.470155961 186.766448563 41118.0202911	9.92563 6517124 26141 1916
331.760334348 182.732147483 44906.7430397	9.78811 7860086 41406 2676
857.515205159 112.531548178 16558.8523986	11.8414 9586901 48167 3359
60.9618725103 201.652228392 64891.3616075	6.69957 3476070 10490 1006
2020.37860407 86.5405654425 9756.68661766	12.9747 9343885 47696 3955
93.413115376 124.187213804 31286.7122544	8.7297 4468548 20591 1524
82.7925606059 104.740765603 19302.2215605	8.24984 2362407 9837 1094
543.135329822 155.58064775 31452.8386302	10.6944 4270695 21417 1659
232.616058264 152.578534336 36748.7079633	9.54638 16691334 65361 4811
111.081920182 176.754146303 50205.4055929	7.94143 12710808 41296 3274
111.968847772 171.448406007 41837.891801	8.18044 10582075 39952 3065
59.2561774599 243.368185759 80425.756896	6.32533 7167782 21609 1876
302.16733982 185.120471168 42468.4162679	9.49092 8622188 30753 2480
778.245831163 187.97625793 44817.3407424	11.4091 9305696 36626 3547
352.912403804 233.025821729 66611.2282299	8.08827 9103018 32829 2592
121.880679979 172.761488607 39248.8581897	7.68045 6355493 21934 1820
529.823761016 223.336473091 58854.6002622	9.12517 7407069 28160 2033
88.7440595817 226.050566491 79893.8903042	7.51141 6992687 23974 1905
373.598072428 149.5598429 32562.52444	10.8508 8340841 35243 2498
404.050743035 140.160408053 27618.3715909	10.9098 9013148 35298 2480
219.247119533 302.617536758 111513.240174	7.85103 3778676 11724 1026
587.687486421 231.86613201 63881.5453251	10.6254 5608438 24776 1764
552.28254149 202.7564941 49471.477126	9.48479 5877243 23241 1688
231.747386727 168.419800487 39497.6226405	9.09962 7475735 38323 2517
612.52200111 99.7218545399 13495.5464851	11.3034 8925631 43785 2925
43.7925939141 187.997002338 57787.9733059	6.64366 3213507 10889 949
1524.61300267 81.1998833039 8353.75813147	12.1408 8692890 42264 3494
66.5866082483 101.238429965 21707.7942014	8.33306 4082643 18359 1304
71.2484720295 114.698079428 25184.694327	8.01373 2153561 8782 888
1154.26422154 169.956226039 33446.7817702	11.3872 4024035 20045 1567
427.531939936 165.50795026 38635.5622698	10.5753 18825039 74626 5586
282.045041973 194.326558536 54989.8342362	9.27325 15256150 54036 4332
204.351127371 178.679909003 43907.2595988	9.18584 11644110 44295 3533
117.565866073 264.511075654 92162.6822804	7.29908 7785641 25001 2120
702.506981247 208.890272306 52016.3410396	10.8193 9916764 36036 2966
1129.00501764 153.487703154 29213.1382357	13.0471 9719871 38582 3753
845.029799516 224.109872208 55882.3284209	9.43861 10154383 37608 2902
238.418460328 181.838269001 41687.8846378	8.35268 7171760 24971 2241
789.191651584 207.41365397 49077.4983971	10.1596 8349327 32660 2445
121.935141787 264.492115026 107561.535615	7.8456 7967337 27636 2239
490.19552491 138.92825246 25843.4408799	11.607 9271345 39383 2998
889.2628962 139.41821436 25824.936682	12.7398 10576976 42259 3260
453.560498034 229.130336147 65117.1762018	9.64671 4352133 14066 1282
252.570653612 160.224654785 38507.917672	10.2671 6325719 28749 2113
796.963308519 174.178198296 35780.3648075	10.2607 6626637 26029 1981
539.294740838 174.891499123 41010.33294	10.7764 8664644 46440 3120
1590.63211057 108.579459214 14151.8752543	13.0722 10684917 52545 3834
72.9355356909 187.974115559 55094.7428241	7.03929 3452994 11065 1103
2362.38482608 86.3594721082 9712.84389699	13.7191 10118174 52501 4399
133.850804546 118.310769858 27091.8430227	9.47114 4699101 21313 1636
105.449835871 98.4812152077 17648.3941334	9.03246 2512466 11381 1138
1731.02868078 134.891878619 20835.2283161	12.937 4863835 24691 1922
